"",Obama,to,...,Obama's,on,in,of,for,the,President,and,a,Obama:,Barack,at,with,The,Trump,"Obama,",is,To,US,as,says,White,House,Is,Court,Supreme,Clinton,visit,With,Michelle,In,State,GOP,ISIS,will,his,by,On,For,over,gun,from,after,A,not,Hillary,administration,new,Cuba,Says,Donald,Will,be,about,Of,Administration,New,Why,What,Gun,His,Congress,calls,How,against,About,climate,plan,Sanders,Syria,After,Iran,has,he,Islamic,Not,Senate,U.S.,2016,up,Visit,Hiroshima,Republicans,Orlando,Over,meet,Trump's,more,fight,Union,campaign,From,an,Has,Climate,And,More
Obama,246,73,66,0,56,36,26,25,66,22,20,6,0,21,10,5,27,3,0,14,2,24,16,17,2,2,8,0,0,4,0,7,0,5,9,13,1,11,6,1,5,1,1,0,5,3,2,2,2,0,0,1,6,2,2,3,12,6,2,2,3,3,0,4,1,2,3,2,8,1,1,0,0,3,5,6,1,0,0,0,9,4,1,1,2,3,0,0,7,3,1,0,3,0,0,5,5,0,0,1
to,73,9606,1923,11,679,1444,700,504,1268,38,349,518,7,3,203,187,207,63,3,297,13,390,396,360,6,9,90,2,1,45,9,34,0,21,25,15,2,109,12,234,6,9,88,1,155,53,48,110,17,0,153,8,46,20,37,297,83,0,0,138,51,71,1,1,16,40,154,14,64,31,96,14,5,32,35,91,12,9,30,8,99,259,242,6,2,5,1,14,36,11,139,12,10,11,63,73,17,13,1,74
...,66,1923,6730,15,729,1177,1037,802,1600,42,724,532,10,9,200,212,586,69,2,427,137,311,490,318,12,12,144,2,5,42,3,70,0,125,43,16,5,237,16,212,64,68,113,0,139,61,145,154,31,3,120,5,64,43,117,205,136,83,2,140,102,88,1,11,15,27,168,29,68,30,40,35,7,37,16,111,20,9,50,5,73,102,94,2,0,6,1,25,16,24,124,13,17,4,58,79,38,9,82,74
Obama's,0,11,15,72,6,8,6,0,10,5,3,3,0,2,2,2,9,1,0,2,2,2,2,1,0,0,6,0,0,2,0,2,0,0,3,0,1,0,0,0,3,3,0,0,1,0,3,6,0,0,0,1,0,1,1,0,1,2,0,1,2,0,0,1,0,1,3,0,0,0,0,1,0,2,0,1,0,1,2,0,0,0,0,0,0,0,0,0,0,2,0,0,2,0,2,0,0,0,0,1
on,56,679,729,6,3461,325,375,183,704,20,228,147,3,9,65,79,89,58,4,127,5,206,153,106,6,5,36,0,0,44,5,29,0,11,18,27,1,47,10,35,1,5,35,0,49,20,14,55,11,0,45,3,18,12,9,45,20,0,0,44,32,15,0,4,15,13,28,5,10,8,15,20,4,10,6,41,14,2,7,5,79,50,43,0,0,14,0,3,8,9,42,1,4,6,5,30,10,4,1,28
in,36,1444,1177,8,325,6811,607,473,1048,10,272,446,7,3,315,114,220,20,0,208,11,550,319,235,6,9,61,0,0,23,4,25,0,8,42,5,2,133,12,251,4,5,49,0,44,31,39,72,9,1,100,1,53,6,50,108,49,1,0,84,48,41,1,1,4,8,78,7,13,10,22,18,6,17,17,59,12,6,20,2,156,470,125,0,0,0,1,8,12,3,120,3,7,9,11,50,9,8,1,48
of,26,700,1037,6,375,607,4093,279,1318,13,271,316,2,3,151,64,357,17,1,226,6,250,165,117,0,4,55,0,5,19,3,11,0,23,97,8,3,63,3,85,6,8,41,0,37,30,62,60,5,0,59,2,34,3,27,71,41,0,0,52,51,30,0,0,3,21,54,8,6,3,13,10,1,13,6,30,1,6,20,3,72,59,43,1,0,0,0,9,12,4,53,1,9,3,9,45,7,4,1,22
for,25,504,802,0,183,473,279,3827,995,16,204,424,0,3,58,41,121,24,2,229,0,231,206,125,1,2,84,1,0,16,1,7,0,6,8,6,4,62,6,27,0,2,29,0,14,39,70,59,11,0,87,3,14,13,15,142,23,2,0,67,81,132,0,0,2,68,22,7,7,7,30,11,1,16,17,26,9,3,11,3,67,141,54,0,0,1,0,10,0,9,42,5,1,1,6,45,13,7,0,36
the,66,1268,1600,10,704,1048,1318,995,8375,35,807,536,10,2,119,104,617,83,2,760,28,540,169,125,34,32,373,3,3,38,1,29,0,55,74,25,7,229,16,97,14,23,60,1,125,24,130,143,24,2,102,3,38,40,122,176,280,4,1,122,301,296,0,4,9,6,459,8,152,13,23,24,5,17,5,92,15,2,63,0,131,127,67,0,0,5,1,13,4,31,51,7,7,5,40,42,45,6,5,47
President,22,38,42,5,20,10,13,16,35,139,2,15,0,10,2,3,8,7,1,5,7,9,7,5,0,0,6,0,1,2,0,5,0,2,4,0,0,3,1,4,2,1,2,0,1,0,5,3,0,0,3,0,5,5,4,0,1,0,0,6,2,5,0,1,0,0,3,0,1,0,1,1,1,0,0,1,1,0,2,0,3,2,0,0,0,0,0,1,0,0,1,0,2,0,1,0,4,0,0,0
and,20,349,724,3,228,272,271,204,807,2,2069,150,3,1,37,43,222,28,4,158,3,102,52,53,1,1,37,1,1,12,0,10,0,12,5,10,2,68,2,34,4,3,22,0,29,13,24,31,5,1,33,2,9,8,10,27,58,2,0,34,24,41,0,1,5,1,52,3,12,9,4,20,2,10,5,18,2,2,8,0,27,47,26,0,0,2,0,6,2,2,12,3,1,2,8,15,4,4,0,12
a,6,518,532,3,147,446,316,424,536,15,150,2312,1,2,59,58,182,31,0,248,2,160,95,71,3,2,96,0,0,15,1,17,0,23,4,2,1,62,3,43,4,12,13,0,41,6,29,51,11,0,62,2,14,12,24,89,24,0,0,33,83,35,0,2,0,4,75,1,3,3,15,12,0,7,3,40,7,2,17,1,31,40,29,0,0,4,3,1,0,7,17,2,2,0,10,18,17,6,0,11
Obama:,0,7,10,0,3,7,2,0,10,0,3,1,29,0,1,1,3,1,0,3,1,4,0,0,0,0,0,0,0,1,0,2,0,1,0,0,0,1,0,0,0,2,0,0,0,0,0,1,0,0,1,0,0,0,0,0,0,0,0,0,0,0,0,0,0,0,0,0,0,0,0,0,0,0,1,0,0,0,0,0,0,0,0,0,0,1,0,0,0,0,0,0,0,0,0,1,1,1,0,0
Barack,21,3,9,2,9,3,3,3,2,10,1,2,0,25,2,0,0,0,2,1,1,4,2,3,2,1,0,0,0,0,0,0,0,0,1,0,0,1,0,0,1,1,0,0,1,0,0,0,0,0,0,0,1,1,1,1,0,0,0,0,0,0,0,0,0,0,0,0,0,0,0,0,0,0,2,1,0,0,0,0,1,1,0,0,0,0,0,0,0,0,0,0,1,0,0,0,0,0,0,0
at,10,203,200,2,65,315,151,58,119,2,37,59,1,2,1021,17,31,2,3,36,6,132,53,28,4,3,8,0,0,7,0,8,0,1,5,2,0,8,2,15,0,1,20,0,10,2,16,12,1,0,6,0,8,2,3,14,7,1,0,12,2,0,0,0,3,4,3,0,4,1,6,7,1,2,2,3,5,0,5,0,29,46,11,0,0,1,0,4,2,0,6,0,0,1,1,3,0,1,0,5
with,5,187,212,2,79,114,64,41,104,3,43,58,1,0,17,724,25,4,0,30,0,46,21,26,2,0,3,0,0,5,0,1,0,3,1,5,1,12,0,10,0,0,4,0,4,3,8,11,3,1,18,1,1,0,2,18,7,0,0,5,3,3,0,2,2,4,10,2,0,6,8,2,1,1,6,8,0,3,0,0,6,21,17,0,0,0,0,0,3,1,7,0,2,2,2,8,0,0,0,0
The,27,207,586,9,89,220,357,121,617,8,222,182,3,0,31,25,2635,24,2,238,121,177,28,23,8,8,240,1,3,7,0,24,0,100,32,10,2,26,0,25,86,94,7,0,18,3,104,27,9,0,28,0,12,14,60,28,28,162,2,66,68,44,0,5,2,2,79,4,61,1,4,9,0,5,1,30,0,1,56,0,56,47,9,0,0,3,0,8,0,10,10,1,9,0,18,17,32,6,124,21
Trump,3,63,69,1,58,20,17,24,83,7,28,31,1,0,2,4,24,256,0,16,2,29,7,21,2,1,7,0,0,56,0,2,0,7,0,4,1,3,1,5,4,6,6,0,4,1,11,1,13,0,1,0,9,72,2,8,11,2,0,1,7,13,0,5,0,4,7,1,6,0,1,9,0,1,0,0,5,0,2,0,10,1,2,0,0,2,0,2,0,0,1,0,0,0,3,3,1,0,4,0
"Obama,",0,3,2,0,4,0,1,2,2,1,4,0,0,2,3,0,2,0,17,0,0,0,0,0,2,1,1,1,1,2,0,0,0,0,0,2,0,0,0,0,0,2,0,0,0,0,0,0,0,0,0,0,0,0,0,0,0,0,0,0,0,0,0,0,0,0,0,0,0,0,0,3,0,0,0,0,0,0,0,0,0,1,0,0,0,1,0,0,1,0,0,0,0,0,0,0,0,0,0,0
is,14,297,427,2,127,208,226,229,760,5,158,248,3,1,36,30,238,16,0,1797,6,122,54,125,2,1,4,1,1,3,0,4,0,6,4,7,0,13,2,27,2,15,16,0,14,10,25,86,3,0,29,1,9,12,2,25,44,1,0,9,88,31,0,1,0,0,59,5,1,3,5,5,2,1,4,8,5,2,4,1,31,19,14,0,0,1,2,1,0,6,22,4,0,0,2,39,1,4,0,3
To,2,13,137,2,5,11,6,0,28,7,3,2,1,1,6,0,121,2,0,6,451,23,1,0,0,0,28,0,0,4,0,8,0,37,5,1,1,0,0,0,18,16,1,0,0,0,31,0,3,0,0,0,10,2,18,1,0,22,0,10,8,14,0,0,1,0,20,0,11,0,0,3,0,2,5,0,0,0,7,0,5,4,0,0,0,0,0,3,0,1,2,0,0,0,9,0,4,3,16,7
US,24,390,311,2,206,550,250,231,540,9,102,160,4,4,132,46,177,29,0,122,23,2137,119,55,8,7,75,0,0,10,0,22,0,40,12,0,0,29,1,26,13,21,19,0,27,25,36,29,4,0,11,8,9,11,37,27,43,11,0,15,40,26,0,1,4,3,44,1,24,4,5,3,0,14,0,16,9,0,24,2,0,36,34,1,0,1,0,8,5,11,47,0,2,0,11,8,18,1,8,19
as,16,396,490,2,153,319,165,206,169,7,52,95,0,2,53,21,28,7,0,54,1,119,2210,43,0,2,28,0,1,6,0,11,0,4,4,2,1,12,2,34,2,1,48,0,8,9,5,31,4,0,38,3,15,2,1,20,25,0,0,21,5,4,0,3,2,5,9,2,9,3,4,1,2,4,8,5,6,0,29,0,58,29,62,0,0,0,0,13,6,0,28,0,0,12,7,10,1,4,0,20
says,17,360,318,1,106,235,117,125,125,5,53,71,0,3,28,26,23,21,0,125,0,55,43,1371,4,5,1,0,0,9,0,0,0,1,4,1,2,95,0,21,2,0,15,0,22,12,2,53,6,0,42,1,0,5,1,60,28,0,0,6,1,2,0,0,7,2,1,1,0,7,1,0,0,0,8,45,34,0,2,0,19,39,20,0,0,0,0,0,1,0,14,4,2,0,0,15,0,1,0,4
White,2,6,12,0,6,6,0,1,34,0,1,3,0,2,4,2,8,2,2,2,0,8,0,4,58,38,2,0,0,1,0,2,0,2,0,1,0,0,0,0,3,1,0,0,12,1,1,2,1,0,0,0,1,0,0,0,2,0,0,0,1,1,0,0,2,0,0,0,1,0,0,1,0,1,0,1,0,0,0,0,4,0,2,0,0,0,0,0,0,0,1,0,0,0,0,0,1,0,0,0
House,2,9,12,0,5,9,4,2,32,0,1,2,0,1,3,0,8,1,1,1,0,7,2,5,38,60,1,0,0,1,0,2,0,2,1,2,0,1,0,1,3,0,0,0,12,1,1,0,1,0,0,0,1,0,1,0,2,0,0,0,0,1,0,0,0,0,1,0,0,0,1,0,0,0,0,1,0,0,0,0,4,2,2,0,0,0,0,1,0,0,1,0,0,1,0,0,0,0,0,0
Is,8,90,144,6,36,61,55,84,373,6,37,96,0,0,8,3,240,7,1,4,28,75,28,1,2,1,842,0,0,5,0,6,0,28,3,0,1,0,0,6,15,28,2,0,9,0,33,1,5,0,3,0,24,6,7,1,2,16,0,16,64,17,1,1,1,0,78,0,30,0,1,8,1,4,0,1,0,0,48,0,31,7,0,0,0,1,0,6,0,4,2,0,0,0,7,6,2,2,13,16
Court,0,2,2,0,0,0,0,1,3,0,1,0,0,0,0,0,1,0,1,1,0,0,0,0,0,0,0,7,4,0,0,0,0,0,0,0,0,0,0,1,0,0,1,0,0,0,0,0,0,0,0,0,0,0,1,0,0,0,0,0,0,0,0,0,0,0,1,0,0,0,0,0,0,0,0,0,0,0,0,0,0,0,0,0,0,0,0,0,0,0,0,0,0,0,0,0,0,1,0,0
Supreme,0,1,5,0,0,0,5,0,3,1,1,0,0,0,0,0,3,0,1,1,0,0,1,0,0,0,0,4,10,0,0,0,0,0,1,0,0,0,0,1,0,0,0,0,0,0,0,0,0,0,0,0,1,0,1,0,0,0,0,0,0,0,0,0,0,0,1,0,0,0,0,0,0,0,0,0,0,0,0,0,0,0,0,0,0,0,0,0,0,0,0,0,0,0,0,0,0,1,0,0
Clinton,4,45,42,2,44,23,19,16,38,2,12,15,1,0,7,5,7,56,2,3,4,10,6,9,1,1,5,0,0,160,1,4,0,3,1,4,0,4,0,1,2,1,4,0,0,0,3,0,58,1,1,0,7,10,8,3,5,0,0,2,4,5,0,2,1,2,2,0,1,0,2,5,0,1,0,0,2,1,1,0,3,1,0,0,0,0,0,1,0,6,1,0,0,0,1,1,2,0,0,0
visit,0,9,3,0,5,4,3,1,1,0,0,1,0,0,0,0,0,0,0,0,0,0,0,0,0,0,0,0,0,1,15,0,0,0,0,0,0,0,0,0,0,0,0,0,0,0,0,0,1,0,0,0,0,0,0,0,1,0,0,0,0,0,0,0,0,0,0,0,0,0,0,2,0,0,0,1,0,0,0,0,0,0,0,0,0,0,0,0,0,0,0,0,0,1,0,0,0,0,0,1
With,7,34,70,2,29,25,11,7,29,5,10,17,2,0,8,1,24,2,0,4,8,22,11,0,2,2,6,0,0,4,0,208,0,16,3,1,0,0,0,0,8,3,0,0,0,0,13,0,1,0,3,1,7,1,5,0,0,5,0,6,3,2,0,1,1,0,4,0,1,0,0,1,0,0,1,0,0,0,3,0,5,1,1,0,0,0,0,3,0,0,1,0,0,0,4,0,5,0,4,3
Michelle,0,0,0,0,0,0,0,0,0,0,0,0,0,0,0,0,0,0,0,0,0,0,0,0,0,0,0,0,0,0,0,0,0,0,0,0,0,0,0,0,0,0,0,0,0,0,0,0,0,0,0,0,0,0,0,0,0,0,0,0,0,0,0,0,0,0,0,0,0,0,0,0,0,0,0,0,0,0,0,0,0,0,0,0,0,0,0,0,0,0,0,0,0,0,0,0,0,0,0,0
In,5,21,125,0,11,8,23,6,55,2,12,23,1,0,1,3,100,7,0,6,37,40,4,1,2,2,28,0,0,3,0,16,0,454,5,4,0,3,1,0,19,17,1,0,1,0,33,0,3,0,2,0,9,3,19,3,4,34,0,8,8,4,0,3,1,1,16,0,2,2,0,5,1,0,1,2,0,0,7,0,11,17,2,0,0,0,0,4,0,0,3,0,2,0,3,11,2,1,20,6
State,9,25,43,3,18,42,97,8,74,4,5,4,0,1,5,1,32,0,0,4,5,12,4,4,0,1,3,0,1,1,0,3,0,5,200,0,1,1,0,1,4,1,1,0,1,0,3,0,0,0,0,0,7,0,0,4,1,20,0,3,2,2,0,2,1,1,2,0,5,0,0,0,0,1,0,0,0,4,0,1,3,2,1,0,0,0,0,1,0,0,0,0,10,0,0,0,4,0,0,1
GOP,13,15,16,0,27,5,8,6,25,0,10,2,0,0,2,5,10,4,2,7,1,0,2,1,1,2,0,0,0,4,0,1,0,4,0,74,0,0,0,1,3,0,0,0,0,0,1,3,1,0,0,0,0,0,2,0,3,0,0,0,0,0,0,0,1,1,2,0,0,0,1,2,0,0,0,0,1,0,0,0,0,1,0,0,0,0,0,1,0,0,0,0,0,0,0,2,0,0,1,0
ISIS,1,2,5,1,1,2,3,4,7,0,2,1,0,0,0,1,2,1,0,0,1,0,1,2,0,0,1,0,0,0,0,0,0,0,1,0,22,0,0,2,0,0,0,0,0,0,0,0,0,0,0,0,0,0,0,2,0,0,0,0,0,0,0,0,0,0,1,0,1,0,0,0,1,0,0,0,0,0,0,0,0,0,0,0,0,0,0,0,0,0,0,0,0,0,0,1,0,0,0,0
will,11,109,237,0,47,133,63,62,229,3,68,62,1,1,8,12,26,3,0,13,0,29,12,95,0,1,0,0,0,4,0,0,0,3,1,0,0,834,1,21,0,4,10,0,19,12,9,40,2,1,18,0,1,0,0,93,3,0,0,10,14,11,0,0,0,0,39,2,0,10,7,0,0,3,5,4,2,0,1,0,5,46,8,0,0,0,0,2,2,1,11,1,1,0,0,4,0,0,1,6
his,6,12,16,0,10,12,3,6,16,1,2,3,0,0,2,0,0,1,0,2,0,1,2,0,0,0,0,0,0,0,0,0,0,1,0,0,0,1,45,0,0,0,1,0,1,0,1,1,0,0,1,0,0,0,0,3,5,0,0,0,1,1,0,0,0,0,1,1,0,0,2,2,0,0,0,0,9,0,0,0,0,1,0,0,0,0,0,0,0,0,0,0,0,0,0,0,0,0,0,0
by,1,234,212,0,35,251,85,27,97,4,34,43,0,0,15,10,25,5,0,27,0,26,34,21,0,1,6,1,1,1,0,0,0,0,1,1,2,21,0,892,0,0,7,0,3,3,5,21,0,0,7,5,5,3,2,44,4,0,0,11,3,0,0,0,1,1,9,2,1,2,5,0,0,0,3,4,0,0,0,0,14,26,27,0,0,0,0,2,0,1,15,0,1,0,1,3,4,0,1,4
On,5,6,64,3,1,4,6,0,14,2,4,4,0,1,0,0,86,4,0,2,18,13,2,2,3,3,15,0,0,2,0,8,0,19,4,3,0,0,0,0,206,8,0,0,0,0,16,0,2,0,0,0,7,2,7,0,1,20,0,5,0,2,0,0,3,0,7,0,4,0,1,4,0,0,0,1,0,0,4,0,5,1,0,0,0,0,0,4,0,6,1,0,0,0,1,2,1,1,11,1
For,1,9,68,3,5,5,8,2,23,1,3,12,2,1,1,0,94,6,2,15,16,21,1,0,1,0,28,0,0,1,0,3,0,17,1,0,0,4,0,0,8,261,0,0,0,0,34,2,0,0,4,0,6,1,8,8,1,8,0,12,6,11,0,0,3,0,3,0,0,0,0,4,0,2,3,0,0,1,7,0,7,5,1,0,0,1,0,0,0,1,2,0,1,0,0,4,3,2,19,6
over,1,88,113,0,35,49,41,29,60,2,22,13,0,0,20,4,7,6,0,16,1,19,48,15,0,0,2,1,0,4,0,0,0,1,1,0,0,10,1,7,0,0,476,0,2,2,5,3,1,0,7,0,0,0,0,21,3,0,0,3,3,1,0,0,0,3,2,1,0,0,2,0,0,0,1,5,0,0,1,2,4,8,9,0,0,0,0,0,2,0,3,3,1,1,0,1,0,0,0,0
gun,0,1,0,0,0,0,0,0,1,0,0,0,0,0,0,0,0,0,0,0,0,0,0,0,0,0,0,0,0,0,0,0,0,0,0,0,0,0,0,0,0,0,0,1,0,0,0,0,0,0,0,0,0,0,0,0,0,0,0,0,0,0,0,0,0,0,0,0,0,0,0,0,0,0,0,0,0,0,0,0,0,0,0,0,0,0,0,0,0,0,0,0,0,0,0,0,0,0,0,0
from,5,155,139,1,49,44,37,14,125,1,29,41,0,1,10,4,18,4,0,14,0,27,8,22,12,12,9,0,0,0,0,0,0,1,1,0,0,19,1,3,0,0,2,0,492,0,6,6,0,0,7,0,0,2,0,16,8,1,0,4,4,5,0,0,2,0,14,0,0,0,3,3,3,1,3,6,0,0,0,1,6,5,7,0,0,0,0,1,2,0,3,0,2,0,1,6,2,0,0,6
after,3,53,61,0,20,31,30,39,24,0,13,6,0,0,2,3,3,1,0,10,0,25,9,12,1,1,0,0,0,0,0,0,0,0,0,0,0,12,0,3,0,0,2,0,0,252,4,8,0,0,1,0,0,0,0,10,11,0,0,0,1,0,0,0,0,1,2,0,0,0,5,0,0,0,4,2,0,0,0,0,3,8,8,0,0,0,0,0,0,0,0,0,0,0,0,1,0,0,0,0
A,2,48,145,3,14,39,62,70,130,5,24,29,0,0,16,8,104,11,0,25,31,36,5,2,1,1,33,0,0,3,0,13,0,33,3,1,0,9,1,5,16,34,5,0,6,4,508,4,2,0,15,1,4,5,14,7,5,29,1,37,13,5,0,0,0,0,11,0,4,1,2,2,0,3,1,6,0,0,6,0,4,3,0,0,0,0,0,1,0,0,4,0,2,0,2,4,5,3,19,6
not,2,110,154,6,55,72,60,59,143,3,31,51,1,0,12,11,27,1,0,86,0,29,31,53,2,0,1,0,0,0,0,0,0,0,0,3,0,40,1,21,0,2,3,0,6,8,4,562,0,0,4,0,0,0,2,32,18,0,0,0,15,3,0,0,0,0,2,3,0,4,3,0,0,0,0,10,1,0,0,1,15,8,6,0,0,0,0,1,0,0,11,1,0,0,0,10,0,1,0,1
Hillary,2,17,31,0,11,9,5,11,24,0,5,11,0,0,1,3,9,13,0,3,3,4,4,6,1,1,5,0,0,58,1,1,0,3,0,1,0,2,0,0,2,0,1,0,0,0,2,0,90,0,1,0,4,13,9,4,1,1,0,0,2,5,0,1,0,0,2,0,0,0,1,3,0,0,0,0,0,0,0,0,2,0,0,0,0,0,0,0,0,5,0,0,0,1,0,1,2,0,0,0
administration,0,0,3,0,0,1,0,0,2,0,1,0,0,0,0,1,0,0,0,0,0,0,0,0,0,0,0,0,0,1,0,0,0,0,0,0,0,1,0,0,0,0,0,0,0,0,0,0,0,3,0,0,0,0,0,0,1,0,0,0,0,1,0,0,0,0,0,0,0,0,0,0,0,0,0,0,0,0,0,0,0,0,0,0,0,0,0,0,0,0,0,0,0,0,0,0,0,0,0,0
new,0,153,120,0,45,100,59,87,102,3,33,62,1,0,6,18,28,1,0,29,0,11,38,42,0,0,3,0,0,1,0,3,0,2,0,0,0,18,1,7,0,4,7,0,7,1,15,4,1,0,503,0,0,0,3,17,6,0,0,4,5,3,0,0,0,2,6,0,0,3,9,6,0,1,0,4,0,2,0,0,0,5,13,0,0,0,0,0,2,0,1,0,1,2,0,4,0,0,0,1
Cuba,1,8,5,1,3,1,2,3,3,0,2,2,0,0,0,1,0,0,0,1,0,8,3,1,0,0,0,0,0,0,0,1,0,0,0,0,0,0,0,5,0,0,0,0,0,0,1,0,0,0,0,20,0,0,0,0,0,0,0,0,0,1,0,0,0,2,0,0,1,0,0,0,0,0,0,0,0,0,0,0,0,0,0,0,0,0,0,0,0,0,0,0,0,0,0,0,0,0,0,1
Says,6,46,64,0,18,53,34,14,38,5,9,14,0,1,8,1,12,9,0,9,10,9,15,0,1,1,24,0,1,7,0,7,0,9,7,0,0,1,0,5,7,6,0,0,0,0,4,0,4,0,0,0,351,3,20,1,2,7,0,3,1,9,0,1,0,0,0,0,11,0,0,4,0,2,2,1,0,0,7,1,25,7,1,0,0,0,0,3,0,0,0,0,0,0,6,0,17,0,4,6
Donald,2,20,43,1,12,6,3,13,40,5,8,12,0,1,2,0,14,72,0,12,2,11,2,5,0,0,6,0,0,10,0,1,0,3,0,0,0,0,0,3,2,1,0,0,2,0,5,0,13,0,0,0,3,111,6,3,4,2,0,0,2,8,0,2,0,1,8,1,5,0,5,1,0,0,0,0,2,0,3,0,7,0,2,0,0,0,0,0,0,25,1,0,0,0,1,2,0,0,3,0
Will,2,37,117,1,9,50,27,15,122,4,10,24,0,1,3,2,60,2,0,2,18,37,1,1,0,1,7,1,1,8,0,5,0,19,0,2,0,0,0,2,7,8,0,0,0,0,14,2,9,0,3,0,20,6,389,7,0,6,0,11,16,14,0,3,0,0,36,0,5,0,5,2,0,5,1,0,1,0,12,0,7,24,1,0,0,0,0,1,0,4,0,0,1,0,8,3,2,1,5,12
be,3,297,205,0,45,108,71,142,176,0,27,89,0,1,14,18,28,8,0,25,1,27,20,60,0,0,1,0,0,3,0,0,0,3,4,0,2,93,3,44,0,8,21,0,16,10,7,32,4,0,17,0,1,3,7,706,16,0,0,6,26,3,0,0,0,2,5,4,0,5,3,0,0,0,1,3,5,3,1,0,6,20,5,0,0,0,0,1,1,0,25,0,2,1,0,9,0,1,1,1
about,12,83,136,1,20,49,41,23,280,1,58,24,0,0,7,7,28,11,0,44,0,43,25,28,2,2,2,0,0,5,1,0,0,4,1,3,0,3,5,4,1,1,3,0,8,11,5,18,1,1,6,0,2,4,0,16,669,0,0,8,14,55,0,0,0,0,5,0,0,8,2,2,0,0,0,9,1,0,1,0,7,8,5,0,0,0,0,0,0,0,32,0,0,0,0,4,0,0,0,5
Of,6,0,83,2,0,1,0,2,4,0,2,0,0,0,1,0,162,2,0,1,22,11,0,0,0,0,16,0,0,0,0,5,0,34,20,0,0,0,0,0,20,8,0,0,1,0,29,0,1,0,0,0,7,2,6,0,0,229,0,4,4,3,0,3,1,0,6,0,5,0,0,1,0,0,0,0,0,0,3,0,5,6,0,0,0,0,0,5,0,0,0,0,5,0,3,0,3,0,18,4
Administration,2,0,2,0,0,0,0,0,1,0,0,0,0,0,0,0,2,0,0,0,0,0,0,0,0,0,0,0,0,0,0,0,0,0,0,0,0,0,0,0,0,0,0,0,0,0,1,0,0,0,0,0,0,0,0,0,0,0,3,0,0,0,0,0,0,0,0,0,0,0,0,0,0,0,0,0,0,0,0,0,0,0,0,0,0,0,0,0,0,0,0,0,0,0,1,0,0,0,0,0
New,2,138,140,1,44,84,52,67,122,6,34,33,0,0,12,5,66,1,0,9,10,15,21,6,0,0,16,0,0,2,0,6,0,8,3,0,0,10,0,11,5,12,3,0,4,0,37,0,0,0,4,0,3,0,11,6,8,4,0,545,4,3,0,3,0,2,9,1,3,2,2,2,0,2,0,3,1,0,2,0,8,9,6,0,0,0,0,2,0,0,2,0,0,0,4,3,1,2,3,8
Why,3,51,102,2,32,48,51,81,301,2,24,83,0,0,2,3,68,7,0,88,8,40,5,1,1,0,64,0,0,4,0,3,0,8,2,0,0,14,1,3,0,6,3,0,4,1,13,15,2,0,5,0,1,2,16,26,14,4,0,4,500,3,0,0,0,0,3,1,19,2,1,2,0,1,1,4,0,0,9,0,15,8,3,0,0,1,0,2,0,2,8,1,1,0,2,10,6,0,10,7
What,3,71,88,0,15,41,30,132,296,5,41,35,0,0,0,3,44,13,0,31,14,26,4,2,1,1,17,0,0,5,0,2,0,4,2,0,0,11,1,0,2,11,1,0,5,0,5,3,5,1,3,1,9,8,14,3,55,3,0,3,3,446,0,2,0,0,2,0,50,0,0,1,0,1,0,6,0,0,5,0,8,16,2,0,0,0,0,0,0,1,2,1,0,0,4,4,2,0,6,5
Gun,0,1,1,0,0,1,0,0,0,0,0,0,0,0,0,0,0,0,0,0,0,0,0,0,0,0,1,0,0,0,0,0,0,0,0,0,0,0,0,0,0,0,0,0,0,0,0,0,0,0,0,0,0,0,0,0,0,0,0,0,0,0,2,0,0,0,0,0,0,0,0,0,0,0,0,0,0,0,0,0,0,0,0,0,0,0,0,0,0,0,0,0,0,0,0,0,0,0,0,1
His,4,1,11,1,4,1,0,0,4,1,1,2,0,0,0,2,5,5,0,1,0,1,3,0,0,0,1,0,0,2,0,1,0,3,2,0,0,0,0,0,0,0,0,0,0,0,0,0,1,0,0,0,1,2,3,0,0,3,0,3,0,2,0,23,0,0,0,0,2,0,0,0,0,0,0,0,0,0,0,0,2,0,0,0,0,0,0,1,0,1,0,0,2,0,2,0,0,0,0,1
Congress,1,16,15,0,15,4,3,2,9,0,5,0,0,0,3,2,2,0,0,0,1,4,2,7,2,0,1,0,0,1,0,1,0,1,1,1,0,0,0,1,3,3,0,0,2,0,0,0,0,0,0,0,0,0,0,0,0,1,0,0,0,0,0,0,47,0,2,0,0,0,0,0,0,0,0,8,1,0,0,0,2,0,0,0,0,0,0,0,0,0,0,0,0,0,0,0,0,0,0,0
calls,2,40,27,1,13,8,21,68,6,0,1,4,0,0,4,4,2,4,0,0,0,3,5,2,0,0,0,0,0,2,0,0,0,1,1,1,0,0,0,1,0,0,3,0,0,1,0,0,0,0,2,2,0,1,0,2,0,0,0,2,0,0,0,0,0,95,0,1,0,1,2,2,0,0,0,0,0,0,0,1,0,1,4,0,0,0,0,0,0,1,1,0,0,2,0,3,0,0,0,0
How,3,154,168,3,28,78,54,22,459,3,52,75,0,0,3,10,79,7,0,59,20,44,9,1,0,1,78,1,1,2,0,4,0,16,2,2,1,39,1,9,7,3,2,0,14,2,11,2,2,0,6,0,0,8,36,5,5,6,0,9,3,2,0,0,2,0,727,0,8,3,1,3,1,1,1,13,1,0,3,0,13,11,15,0,0,0,0,1,0,2,2,0,2,0,7,16,7,1,10,3
against,2,14,29,0,5,7,8,7,8,0,3,1,0,0,0,2,4,1,0,5,0,1,2,1,0,0,0,0,0,0,0,0,0,0,0,0,0,2,1,2,0,0,1,0,0,0,0,3,0,0,0,0,0,1,0,4,0,0,0,1,1,0,0,0,0,1,0,73,0,0,0,1,0,0,0,1,0,0,0,0,0,1,0,0,0,0,0,0,0,1,1,9,1,1,0,0,0,0,0,0
About,8,64,68,0,10,13,6,7,152,1,12,3,0,0,4,0,61,6,0,1,11,24,9,0,1,0,30,0,0,1,0,1,0,2,5,0,1,0,0,1,4,0,0,0,0,0,4,0,0,0,0,1,11,5,5,0,0,5,0,3,19,50,0,2,0,0,8,0,291,0,0,1,0,1,0,0,0,0,5,1,12,4,0,1,0,0,0,0,0,1,0,0,0,0,1,0,3,2,5,10
climate,1,31,30,0,8,10,3,7,13,0,9,3,0,0,1,6,1,0,0,3,0,4,3,7,0,0,0,0,0,0,0,0,0,2,0,0,0,10,0,2,0,0,0,0,0,0,1,4,0,0,3,0,0,0,0,5,8,0,0,2,2,0,0,0,0,1,3,0,0,80,4,0,0,0,0,1,0,0,0,0,1,0,0,0,0,0,0,0,0,1,2,1,0,0,1,0,0,0,0,0
plan,1,96,40,0,15,22,13,30,23,1,4,15,0,0,6,8,4,1,0,5,0,5,4,1,0,1,1,0,0,2,0,0,0,0,0,1,0,7,2,5,1,0,2,0,3,5,2,3,1,0,9,0,0,5,5,3,2,0,0,2,1,0,0,0,0,2,1,0,0,4,187,0,0,0,2,2,1,0,0,0,1,2,1,0,0,0,0,0,0,11,0,0,0,0,0,5,0,0,0,0
Sanders,0,14,35,1,20,18,10,11,24,1,20,12,0,0,7,2,9,9,3,5,3,3,1,0,1,0,8,0,0,5,2,1,0,5,0,2,0,0,2,0,4,4,0,0,3,0,2,0,3,0,6,0,4,1,2,0,2,1,0,2,2,1,0,0,0,2,3,1,1,0,0,92,0,0,0,0,0,0,2,0,1,0,0,0,0,0,0,3,0,1,0,0,0,2,0,5,1,0,1,1
Syria,0,5,7,0,4,6,1,1,5,1,2,0,0,0,1,1,0,0,0,2,0,0,2,0,0,0,1,0,0,0,0,0,0,1,0,0,1,0,0,0,0,0,0,0,3,0,0,0,0,0,0,0,0,0,0,0,0,0,0,0,0,0,0,0,0,0,1,0,0,0,0,0,15,0,0,0,0,0,0,0,0,0,0,0,0,0,0,0,2,0,0,0,0,0,0,0,0,0,0,0
After,3,32,37,2,10,17,13,16,17,0,10,7,0,0,2,1,5,1,0,1,2,14,4,0,1,0,4,0,0,1,0,0,0,0,1,0,0,3,0,0,0,2,0,0,1,0,3,0,0,0,1,0,2,0,5,0,0,0,0,2,1,1,0,0,0,0,1,0,1,0,0,0,0,144,0,0,0,0,0,0,2,1,0,0,0,0,0,2,0,0,0,0,0,0,0,1,0,0,1,9
Iran,5,35,16,0,6,17,6,17,5,0,5,3,1,2,2,6,1,0,0,4,5,0,8,8,0,0,0,0,0,0,0,1,0,1,0,0,0,5,0,3,0,3,1,0,3,4,1,0,0,0,0,0,2,0,1,1,0,0,0,0,1,0,0,0,0,0,1,0,0,0,2,0,0,0,97,1,1,0,0,0,0,1,0,0,0,0,0,1,1,0,1,1,0,5,2,1,0,0,0,0
has,6,91,111,1,41,59,30,26,92,1,18,40,0,1,3,8,30,0,0,8,0,16,5,45,1,1,1,0,0,0,1,0,0,2,0,0,0,4,0,4,1,0,5,0,6,2,6,10,0,0,4,0,1,0,0,3,9,0,0,3,4,6,0,0,8,0,13,1,0,1,2,0,0,0,1,355,13,0,0,1,1,0,8,0,0,0,0,0,1,0,8,1,1,0,0,4,1,0,1,0
he,1,12,20,0,14,12,1,9,15,1,2,7,0,0,5,0,0,5,0,5,0,9,6,34,0,0,0,0,0,2,0,0,0,0,0,1,0,2,9,0,0,0,0,0,0,0,0,1,0,0,0,0,0,2,1,5,1,0,0,1,0,0,0,0,1,0,1,0,0,0,1,0,0,0,1,13,60,0,0,0,2,0,0,0,0,0,0,0,0,1,0,0,0,0,0,0,0,0,0,0
Islamic,0,9,9,1,2,6,6,3,2,0,2,2,0,0,0,3,1,0,0,2,0,0,0,0,0,0,0,0,0,1,0,0,0,0,4,0,0,0,0,0,0,1,0,0,0,0,0,0,0,0,2,0,0,0,0,3,0,0,0,0,0,0,0,0,0,0,0,0,0,0,0,0,0,0,0,0,0,27,0,0,0,0,0,0,0,0,0,0,0,0,0,0,0,0,0,0,0,0,0,0
Not,0,30,50,2,7,20,20,11,63,2,8,17,0,0,5,0,56,2,0,4,7,24,29,2,0,0,48,0,0,1,0,3,0,7,0,0,0,1,0,0,4,7,1,0,0,0,6,0,0,0,0,0,7,3,12,1,1,3,0,2,9,5,0,0,0,0,3,0,5,0,0,2,0,0,0,0,0,0,199,0,6,2,0,0,0,0,0,0,0,0,0,0,0,0,0,5,4,1,4,2
Senate,0,8,5,0,5,2,3,3,0,0,0,1,0,0,0,0,0,0,0,1,0,2,0,0,0,0,0,0,0,0,0,0,0,0,1,0,0,0,0,0,0,0,2,0,1,0,0,1,0,0,0,0,1,0,0,0,0,0,0,0,0,0,0,0,0,1,0,0,1,0,0,0,0,0,0,1,0,0,0,16,0,0,0,0,0,1,0,0,0,0,0,0,0,0,0,0,0,0,0,1
U.S.,9,99,73,0,79,156,72,67,131,3,27,31,0,1,29,6,56,10,0,31,5,0,58,19,4,4,31,0,0,3,0,5,0,11,3,0,0,5,0,14,5,7,4,0,6,3,4,15,2,0,0,0,25,7,7,6,7,5,0,8,15,8,0,2,2,0,13,0,12,1,1,1,0,2,0,1,2,0,6,0,646,16,8,0,0,1,1,3,0,9,7,0,1,0,2,2,4,0,3,18
2016,4,259,102,0,50,470,59,141,127,2,47,40,0,1,46,21,47,1,1,19,4,36,29,39,0,2,7,0,0,1,0,1,0,17,2,1,0,46,1,26,1,5,8,0,5,8,3,8,0,0,5,0,7,0,24,20,8,6,0,9,8,16,0,0,0,1,11,1,4,0,2,0,0,1,1,0,0,0,2,0,16,785,8,0,0,0,0,3,1,0,8,0,1,0,3,2,1,2,5,4
up,1,242,94,0,43,125,43,54,67,0,26,29,0,0,11,17,9,2,0,14,0,34,62,20,2,2,0,0,0,0,0,1,0,2,1,0,0,8,0,27,0,1,9,0,7,8,0,6,0,0,13,0,1,2,1,5,5,0,0,6,3,2,0,0,0,4,15,0,0,0,1,0,0,0,0,8,0,0,0,0,8,8,536,0,0,0,0,0,0,0,2,1,1,1,0,1,1,0,0,2
Visit,1,6,2,0,0,0,1,0,0,0,0,0,0,0,0,0,0,0,0,0,0,1,0,0,0,0,0,0,0,0,0,0,0,0,0,0,0,0,0,0,0,0,0,0,0,0,0,0,0,0,0,0,0,0,0,0,0,0,0,0,0,0,0,0,0,0,0,0,1,0,0,0,0,0,0,0,0,0,0,0,0,0,0,4,0,0,0,0,0,0,0,0,0,0,0,0,0,0,0,1
Hiroshima,2,2,0,0,0,0,0,0,0,0,0,0,0,0,0,0,0,0,0,0,0,0,0,0,0,0,0,0,0,0,0,0,0,0,0,0,0,0,0,0,0,0,0,0,0,0,0,0,0,0,0,0,0,0,0,0,0,0,0,0,0,0,0,0,0,0,0,0,0,0,0,0,0,0,0,0,0,0,0,0,0,0,0,0,2,0,0,0,0,0,0,0,0,0,0,0,0,0,0,0
Republicans,3,5,6,0,14,0,0,1,5,0,2,4,1,0,1,0,3,2,1,1,0,1,0,0,0,0,1,0,0,0,0,0,0,0,0,0,0,0,0,0,0,1,0,0,0,0,0,0,0,0,0,0,0,0,0,0,0,0,0,0,1,0,0,0,0,0,0,0,0,0,0,0,0,0,0,0,0,0,0,1,1,0,0,0,0,31,0,2,0,0,0,0,0,0,0,2,0,0,2,1
Orlando,0,1,1,0,0,1,0,0,1,0,0,3,0,0,0,0,0,0,0,2,0,0,0,0,0,0,0,0,0,0,0,0,0,0,0,0,0,0,0,0,0,0,0,0,0,0,0,0,0,0,0,0,0,0,0,0,0,0,0,0,0,0,0,0,0,0,0,0,0,0,0,0,0,0,0,0,0,0,0,0,1,0,0,0,0,0,4,0,0,0,0,0,0,0,0,0,0,0,0,0
Over,0,14,25,0,3,8,9,10,13,1,6,1,0,0,4,0,8,2,0,1,3,8,13,0,0,1,6,0,0,1,0,3,0,4,1,1,0,2,0,2,4,0,0,0,1,0,1,1,0,0,0,0,3,0,1,1,0,5,0,2,2,0,0,1,0,0,1,0,0,0,0,3,0,2,1,0,0,0,0,0,3,3,0,0,0,2,0,118,0,0,0,0,0,0,1,0,1,0,3,3
meet,7,36,16,0,8,12,12,0,4,0,2,0,0,0,2,3,0,0,1,0,0,5,6,1,0,0,0,0,0,0,0,0,0,0,0,0,0,2,0,0,0,0,2,0,2,0,0,0,0,0,2,0,0,0,0,1,0,0,0,0,0,0,0,0,0,0,0,0,0,0,0,0,2,0,1,1,0,0,0,0,0,1,0,0,0,0,0,0,41,0,1,0,0,0,0,1,0,0,0,0
Trump's,3,11,24,2,9,3,4,9,31,0,2,7,0,0,0,1,10,0,0,6,1,11,0,0,0,0,4,0,0,6,0,0,0,0,0,0,0,1,0,1,6,1,0,0,0,0,0,0,5,0,0,0,0,25,4,0,0,0,0,0,2,1,0,1,0,1,2,1,1,1,11,1,0,0,0,0,1,0,0,0,9,0,0,0,0,0,0,0,0,79,0,0,0,0,0,1,0,0,0,0
more,1,139,124,0,42,120,53,42,51,1,12,17,0,0,6,7,10,1,0,22,2,47,28,14,1,1,2,0,0,1,0,1,0,3,0,0,0,11,0,15,1,2,3,0,3,0,4,11,0,0,1,0,0,1,0,25,32,0,0,2,8,2,0,0,0,1,2,1,0,2,0,0,0,0,1,8,0,0,0,0,7,8,2,0,0,0,0,0,1,0,500,0,0,0,0,1,0,0,0,1
fight,0,12,13,0,1,3,1,5,7,0,3,2,0,0,0,0,1,0,0,4,0,0,0,4,0,0,0,0,0,0,0,0,0,0,0,0,0,1,0,0,0,0,3,0,0,0,0,1,0,0,0,0,0,0,0,0,0,0,0,0,1,1,0,0,0,0,0,9,0,1,0,0,0,0,1,1,0,0,0,0,0,0,1,0,0,0,0,0,0,0,0,31,0,0,0,0,0,0,0,0
Union,3,10,17,2,4,7,9,1,7,2,1,2,0,1,0,2,9,0,0,0,0,2,0,2,0,0,0,0,0,0,0,0,0,2,10,0,0,1,0,1,0,1,1,0,2,0,2,0,0,0,1,0,0,0,1,2,0,5,0,0,1,0,0,2,0,0,2,1,0,0,0,0,0,0,0,1,0,0,0,0,1,1,1,0,0,0,0,0,0,0,0,0,40,0,0,0,1,0,1,0
campaign,0,11,4,0,6,9,3,1,5,0,2,0,0,0,1,2,0,0,0,0,0,0,12,0,0,1,0,0,0,0,1,0,0,0,0,0,0,0,0,0,0,0,1,0,0,0,0,0,1,0,2,0,0,0,0,1,0,0,0,0,0,0,0,0,0,2,0,1,0,0,0,2,0,0,5,0,0,0,0,0,0,0,1,0,0,0,0,0,0,0,0,0,0,40,0,0,0,0,0,0
From,0,63,58,2,5,11,9,6,40,1,8,10,0,0,1,2,18,3,0,2,9,11,7,0,0,0,7,0,0,1,0,4,0,3,0,0,0,0,0,1,1,0,0,0,1,0,2,0,0,0,0,0,6,1,8,0,0,3,1,4,2,4,0,2,0,0,7,0,1,1,0,0,0,0,2,0,0,0,0,0,2,3,0,0,0,0,0,1,0,0,0,0,0,0,168,1,1,0,1,0
an,5,73,79,0,30,50,45,45,42,0,15,18,1,0,3,8,17,3,0,39,0,8,10,15,0,0,6,0,0,1,0,0,0,11,0,2,1,4,0,3,2,4,1,0,6,1,4,10,1,0,4,0,0,2,3,9,4,0,0,3,10,4,0,0,0,3,16,0,0,0,5,5,0,1,1,4,0,0,5,0,2,2,1,0,0,2,0,0,1,1,1,0,0,0,1,290,0,1,0,3
Has,5,17,38,0,10,9,7,13,45,4,4,17,1,0,0,0,32,1,0,1,4,18,1,0,1,0,2,0,0,2,0,5,0,2,4,0,0,0,0,4,1,3,0,0,2,0,5,0,2,0,0,0,17,0,2,0,0,3,0,1,6,2,0,0,0,0,7,0,3,0,0,1,0,0,0,1,0,0,4,0,4,1,1,0,0,0,0,1,0,0,0,0,1,0,1,0,133,0,3,0
Climate,0,13,9,0,4,8,4,7,6,0,4,6,1,0,1,0,6,0,0,4,3,1,4,1,0,0,2,1,1,0,0,0,0,1,0,0,0,0,0,0,1,2,0,0,0,0,3,1,0,0,0,0,0,0,1,1,0,0,0,2,0,0,0,0,0,0,1,0,2,0,0,0,0,0,0,0,0,0,1,0,0,2,0,0,0,0,0,0,0,0,0,0,0,0,0,1,0,42,0,1
And,0,1,82,0,1,1,1,0,5,0,0,0,0,0,0,0,124,4,0,0,16,8,0,0,0,0,13,0,0,0,0,4,0,20,0,1,0,1,0,1,11,19,0,0,0,0,19,0,0,0,0,0,4,3,5,1,0,18,0,3,10,6,0,0,0,0,10,0,5,0,0,1,0,1,0,1,0,0,4,0,3,5,0,0,0,2,0,3,0,0,0,0,1,0,1,0,3,0,161,1
More,1,74,74,1,28,48,22,36,47,0,12,11,0,0,5,0,21,0,0,3,7,19,20,4,0,0,16,0,0,0,1,3,0,6,1,0,0,6,0,4,1,6,0,0,6,0,6,1,0,0,1,1,6,0,12,1,5,4,0,8,7,5,1,1,0,0,3,0,10,0,0,1,0,9,0,0,0,0,2,1,18,4,2,1,0,1,0,3,0,0,1,0,0,0,0,3,0,1,1,299
